##transformation between sensors

world_sensor1_transform: [1, 0, 0, 0, 0, 1, 0, 0, 0, 0, 1, 0, 0, 0, 0, 1]

sensor1_sensor2_transform: [-0.0970605, 0.995275, 0.00255582, 1.25127, -0.995219, -0.0970826, 0.0107247, -2.59854, 0.0109222, -0.00150262, 0.999939, 0.382797, 0, 0, 0, 1]

sensor1_sensor3_transform: [-0.0731199, 0.996886, -0.0295248, -1.72954, -0.997068, -0.073739, -0.0204515, -1.3173, -0.0225649, 0.0279429, 0.999355, 0.216273, 0, 0, 0, 1]

sensor1_sensor4_transform: [0, 1, 0, 2, -1, 0, 0, 2, 0, 0, 1, 2, 0, 0, 0, 1]