##transformation between sensors
world_sensor1_transform: [0.7071068,    0,    0.7071068,    -4.5,    0,    1,    0,    0,    -0.7071068,    0,    0.7071068,    0,    0,    0,    0,    1,  ]
sensor1_sensor4_transform: [0, 1, 0, 2, -1, 0, 0, 2, 0, 0, 1, 2, 0, 0, 0, 1]
sensor1_sensor3_transform: [-0.0236499,    -0.0239281,    -0.999416,    6.79834,    -0.0167948,    -0.999537,    0.0243605,    -0.245126,    -0.99958,    0.0173099,    0.0232578,    6.5492,    0,    0,    0,    1,  ]
sensor1_sensor2_transform: [0.556784,    0.672787,    -0.487162,    3.25226,    -0.633119,    -0.0359069,    -0.773197,    4.46596,    -0.537729,    0.738952,    0.406017,    3.69879,    0,    0,    0,    1,  ]

