## transformation between sensors

world_sensor1_transform: [0.5253220, -0.8509035, 0, 4.5, 0.8509035, 0.5253220, 0, 0, 0, 0, 1, 0, 0, 0, 0, 1]

#sensor1_sensor2_transform: [0.504038, 0.748224, -0.431368, 3.40285, -0.587587, -0.0689593, -0.806195, 4.2072, -0.633, 0.65984, 0.404945, 3.96378, 0, 0, 0, 1]
sensor1_sensor2_transform: [-0.0105656,0.999502 ,0.029731 ,4.84409,-0.999925  ,-0.0103742 ,-0.00658054,4.64861,-0.00626881,-0.0297984 ,0.999536,-0.0932667,0 ,0,0,1]
#sensor1_sensor3_transform: [-0.106129, 0.0027535, -0.99433, 7.00962, 0.0288707, -0.999538, -0.00582272, -0.244995, -0.993934, -0.0293781, 0.106024, 6.34902, 0, 0, 0, 1]
sensor1_sensor3_transform: [-0.999801 ,-0.0198816,-0.00158856 ,   9.50311,  0.0198582 , -0.99971 , 0.0136383 , -0.136147,-0.00185926 , 0.013604  ,0.999906 , -0.13083  ,   0  ,  0 ,  0 ,1]
#sensor1_sensor4_transform: [0.584547, -0.657293, -0.47567, 2.94163, 0.615418, -0.022919, 0.78786, -4.87322, -0.528724, -0.753277, 0.391093, 3.64456, 0, 0, 0, 1]
sensor1_sensor4_transform: [-0.0338652, -0.999218,  0.020413,   4.76643,  0.998996 ,-0.0332442 , 0.0300284 , -4.86689,-0.0293263 , 0.0214094 ,   0.99934  ,0.0404749, 0,   0    ,  0 , 1]
#sensor1_topic:"/sensor1_os_cloud_node/points"
#sensor2_topic:"/sensor2_os_cloud_node/points"
#sensor3_topic:"/sensor3_os_cloud_node/points"
#sensor4_topic:"/sensor4_os_cloud_node/points"
