##transformation between sensors

#sensor12_transform: [0.995276, 0.0970532, 0.00253613, -0.000263974, -0.097075, 0.995219, 0.0107168, 0.0297722, -0.00148391, -0.0109124, 0.999939, -0.142202, 0, 0, 0, 1]
#sensor12_transform: [-0.0970605, 0.995275, 0.00255582, 1.25127, -0.995219, -0.0970826, 0.0107247, -2.59854, 0.0109222, -0.00150262, 0.999939, 0.382797, 0, 0, 0, 1]
sensor12_transform: [0, 1, 0, 5, -1, 0, 0, 5, 0, 0, 1, 5, 0, 0, 0, 1]

#sensor13_transform: [0.996886, 0.0731147, -0.0295249, 0.33734, -0.0737336, 0.997068, -0.020444, -0.467709, 0.0279435, 0.0225573, 0.999355, 0.294712, 0, 0, 0, 1]
#sensor13_transform: [-0.0731199, 0.996886, -0.0295248, -1.72954, -0.997068, -0.073739, -0.0204515, -1.3173, -0.0225649, 0.0279429, 0.999355, 0.216273, 0, 0, 0, 1]
sensor13_transform: [0, 1, 0, 8, -1, 0, 0, 8, 0, 0, 1, 8, 0, 0, 0, 1]

sensor14_transform: [0, 1, 0, 2, -1, 0, 0, 2, 0, 0, 1, 2, 0, 0, 0, 1]