##transformation between sensors

world_sensor1_transform: [1, 0, 0, 4.5, 0, 1, 0, 0, 0, 0, 1, 0, 0, 0, 0, 1]

sensor1_sensor2_transform: [0.504038, 0.748224, -0.431368, 3.40285, -0.587587, -0.0689593, -0.806195, 4.2072, -0.633, 0.65984, 0.404945, 3.96378, 0, 0, 0, 1]

sensor1_sensor3_transform: [-0.106129, 0.0027535, -0.99433, 7.00962, 0.0288707, -0.999538, -0.00582272, -0.244995, -0.993934, -0.0293781, 0.106024, 6.34902, 0, 0, 0, 1]

sensor1_sensor4_transform: [0.584547, -0.657293, -0.47567, 2.94163, 0.615418, -0.022919, 0.78786, -4.87322, -0.528724, -0.753277, 0.391093, 3.64456, 0, 0, 0, 1]

#sensor1_sensor2_transform:[-0.0236499, -0.0239281, -0.999416, 6.79834, -0.0167948, -0.999537, 0.0243605, -0.245126, -0.99958, 0.0173099, 0.0232578, 6.5492, 0, 0, 0, 1]
#sensor1_sensor3_transform:[0.556784, 0.672787, -0.487162, 3.25226, -0.633119, -0.0359069, -0.773197, 4.46596, -0.537729, 0.738952, 0.406017, 3.69879, 0, 0, 0, 1]

#sensor1_topic:"/sensor1_os_cloud_node/points"
#sensor2_topic:"/sensor2_os_cloud_node/points"
#sensor3_topic:"/sensor3_os_cloud_node/points"
#sensor4_topic:"env/sensor4/points"
